0 0.8703125 0.60703125 0.259375 0.1640625
2 0.9171875 0.50546875 0.165625 0.1765625
0 0.803125 0.5046875 0.12890625 0.06796875
2 0.86328125 0.45625 0.040625 0.05390625
2 0.82109375 0.48671875 0.05078125 0.11484375
0 0.61796875 0.51328125 0.1796875 0.07578125
2 0.61796875 0.48515625 0.10703125 0.13046875
0 0.50625 0.503125 0.0859375 0.046875
2 0.4890625 0.47265625 0.04609375 0.090625
0 0.24453125 0.5015625 0.146875 0.06953125
2 0.2765625 0.4640625 0.0515625 0.084375
2 0.23515625 0.47890625 0.04921875 0.10078125